233.471  31.477  -80.592  44.430  21.259
229.796  35.267  -78.975  42.833  20.984
225.886  39.203  -77.356  41.019  20.510
223.351  41.348  -76.661  39.025  20.282
221.506  43.398  -75.784  38.482  20.073
221.524  45.302  -74.269  42.426  19.717
219.221  47.644  -73.302  41.631  19.364
218.150  48.933  -72.697  41.721  19.188
218.148  50.046  -71.848  44.042  18.997
215.127  52.684  -70.897  42.335  18.761
213.563  54.073  -70.404  41.437  18.541
210.757  57.203  -69.002  41.475  18.114
207.537  60.473  -67.657  40.883  17.767
206.082  61.818  -67.057  40.771  17.472
203.540  63.400  -66.655  38.537  17.482
203.439  63.535  -66.062  41.029  16.967
201.849  64.199  -65.548  41.256  16.602
199.378  65.099  -65.305  39.150  16.794
197.037  65.767  -64.925  38.116  16.586
194.913  66.162  -64.571  37.526  16.505
191.076  66.915  -63.975  36.209  16.463
185.349  68.083  -62.976  35.002  15.907
179.221  69.449  -62.134  32.747  15.762
175.516  69.936  -61.464  32.785  15.300
173.525  70.898  -61.253  31.222  15.054
171.370  71.268  -60.982  30.611  15.070
169.546  71.688  -60.822  29.636  15.236
166.908  72.229  -60.290  29.966  14.426
164.125  73.041  -60.085  28.142  14.684
162.313  73.179  -59.732  28.713  14.215
160.969  73.667  -59.541  28.276  13.914
157.844  74.771  -59.381  25.738  14.323
153.598  75.445  -58.987  24.518  14.482
147.997  77.122  -58.462  22.144  14.213
146.017  77.882  -58.233  21.408  13.713
144.340  77.685  -58.388  19.950  14.745
142.485  78.000  -58.208  19.628  14.008
141.018  77.777  -58.237  19.063  14.000
139.963  76.747  -58.406  19.013  14.434
139.374  75.663  -58.553  19.399  14.697
136.889  77.255  -58.515  16.338  13.815
133.613  74.100  -59.163  15.657  14.054
132.796  74.306  -59.167  15.047  13.886
132.469  74.444  -59.165  14.744  13.923
131.162  74.701  -59.086  14.379  13.915
129.111  75.335  -58.976  13.408  13.927
124.338  76.746  -58.720  11.437  13.826
119.544  78.231  -58.536  9.185  13.870
117.042  78.889  -58.504  7.934  14.099
114.799  79.610  -58.439  6.840  14.133
110.457  80.654  -58.210  6.043  13.568
108.969  81.929  -58.181  4.217  13.531
105.509  82.810  -58.183  2.643  13.780
102.744  83.740  -58.158  1.320  13.770
100.326  84.421  -58.095  0.676  13.497
97.105  85.778  -58.126  358.596  13.608
95.875  86.194  -58.151  357.916  13.679
94.401  86.716  -58.153  357.236  13.625
91.831  87.106  -58.205  356.587  13.693
90.583  88.142  -58.302  354.682  14.065
87.150  89.097  -58.336  353.584  13.835
84.500  90.075  -58.377  352.449  13.609
82.813  90.315  -58.516  351.613  14.021
78.518  91.730  -58.715  349.483  14.104
74.325  93.684  -58.882  347.004  13.837
71.776  94.036  -59.096  346.163  14.093
70.134  94.359  -59.207  345.640  14.124
69.484  95.140  -59.227  344.688  14.244
69.354  95.661  -59.165  344.373  14.063
66.312  99.811  -58.540  343.458  13.935
65.282  101.849  -58.353  342.194  13.823
64.162  103.179  -58.282  341.300  13.988
62.704  104.223  -58.316  340.380  14.457
61.706  105.646  -58.120  340.061  13.583
60.354  106.392  -58.205  339.240  13.820
59.412  107.338  -58.226  338.338  13.638
57.950  107.309  -58.425  337.997  14.041
55.861  107.112  -58.734  337.644  14.539
53.727  108.231  -58.934  336.272  14.277
51.894  108.207  -59.206  335.836  14.638
48.626  111.424  -59.475  332.252  13.599
47.387  111.120  -59.763  331.820  14.363
45.872  110.766  -60.002  331.959  14.627
44.090  110.678  -60.269  331.824  14.775
42.004  111.062  -60.629  330.852  15.077
40.844  110.921  -60.831  330.775  15.275
38.216  111.530  -61.266  329.623  15.401
38.093  112.551  -61.264  328.471  15.101
37.246  113.355  -61.470  327.047  15.328
32.825  113.128  -62.249  326.697  15.690
29.727  114.707  -62.819  324.456  15.410
29.041  115.751  -62.997  322.893  15.399
23.955  115.101  -64.071  322.618  16.245
21.608  114.895  -64.600  322.360  16.621
19.208  115.102  -65.112  321.771  16.700
17.404  114.059  -65.561  322.439  17.309
16.638  114.966  -65.822  320.890  17.138
15.111  114.411  -66.293  320.709  17.292
13.513  113.224  -66.816  321.081  17.463
12.365  112.755  -67.366  320.155  17.639
9.780  110.351  -68.670  319.362  18.036
6.920  107.103  -70.051  319.555  18.440
5.234  105.036  -70.867  319.907  18.654
4.257  104.299  -71.470  319.065  18.864
1.958  101.551  -72.663  319.249  19.074
-1.084  98.201  -74.403  318.670  19.702
-3.100  95.634  -75.519  318.922  19.905
-4.780  94.104  -76.678  317.648  20.338
-6.050  92.496  -77.416  317.721  20.550
-8.591  89.376  -79.012  317.447  20.981
-11.538  84.451  -80.552  319.834  21.131
-12.046  84.196  -81.000  318.945  21.471
-13.077  83.154  -81.795  318.158  21.646
-14.190  81.817  -82.598  317.771  21.890
-15.258  80.148  -83.254  318.240  22.036
-16.303  78.517  -83.915  318.651  22.184
-16.940  78.216  -84.579  317.263  22.326
-17.799  76.953  -85.155  317.433  22.557
-19.286  74.704  -86.194  317.696  22.779
-20.607  72.578  -87.082  318.194  22.960
-22.925  69.199  -88.854  318.084  23.382
-23.594  68.406  -89.447  317.622  23.615
-25.147  66.001  -90.659  317.696  23.818
-27.129  62.678  -92.215  318.129  23.996
-29.014  59.757  -93.817  317.974  24.418
-29.554  59.158  -94.349  317.453  24.664
-31.640  55.937  -96.248  317.004  25.118
-33.816  51.868  -98.097  317.799  25.358
-34.361  50.844  -98.677  317.671  25.603
-34.696  49.529  -99.186  317.867  25.657
-34.821  48.373  -99.767  317.488  25.953
-34.670  46.860  -100.065  318.072  25.833
-34.270  45.460  -100.322  318.425  25.797
-33.694  44.119  -100.565  318.599  26.002
-32.895  43.169  -100.560  318.883  25.894
-31.797  42.136  -100.457  319.274  25.859
-30.396  41.833  -100.113  319.320  25.536
-29.382  41.258  -99.835  319.835  25.549
-28.412  40.672  -99.569  320.388  25.702
-27.149  40.479  -99.145  320.710  25.494
-22.269  39.643  -97.667  321.726  25.137
-21.109  39.542  -97.266  322.062  24.793
-17.285  38.945  -96.188  322.714  24.618
-13.980  38.397  -95.286  323.356  24.435
-12.367  38.010  -94.807  323.935  24.215
-7.511  36.810  -93.531  325.407  23.945
-2.694  35.371  -92.356  327.091  23.803
0.555  35.750  -91.485  327.005  23.147
2.631  35.395  -90.960  327.574  22.892
7.579  34.748  -89.890  328.295  22.726
8.085  34.073  -89.733  329.290  22.562
10.234  33.383  -89.301  330.077  22.556
12.090  32.961  -88.912  330.634  22.444
13.093  32.348  -88.762  331.226  22.607
15.681  31.790  -88.269  331.868  22.559
16.719  31.161  -88.033  332.793  22.387
18.966  30.824  -87.587  333.302  22.201
24.742  30.015  -86.553  334.353  21.935
31.524  27.998  -85.444  336.996  21.635
33.111  27.080  -85.237  338.108  21.661
37.348  26.325  -84.626  339.059  21.541
41.415  25.947  -84.022  339.778  21.184
43.267  25.538  -83.778  340.315  21.122
45.004  25.390  -83.444  340.951  20.738
46.089  25.242  -83.275  341.291  20.745
47.583  24.629  -83.058  342.270  20.939
48.649  24.302  -82.873  342.953  21.060
49.849  24.831  -82.525  343.029  20.838
51.244  25.055  -82.129  343.643  20.694
53.745  26.537  -81.298  343.778  20.206
57.367  27.815  -80.297  344.547  20.108
58.298  27.822  -80.091  344.988  20.267
64.516  29.835  -78.367  346.911  19.652
65.991  30.072  -77.989  347.651  19.373
67.206  29.585  -77.852  348.531  19.573
68.414  29.910  -77.624  348.653  19.313
70.472  29.676  -77.360  349.505  18.966
75.512  28.332  -77.098  351.259  19.258
80.592  27.471  -76.796  352.729  19.177
84.441  26.654  -76.554  354.320  18.864
86.946  25.888  -76.493  355.317  18.983
92.106  24.644  -76.425  356.896  19.206
93.308  24.639  -76.289  357.392  18.796
94.544  24.002  -76.270  358.316  18.786
96.197  23.635  -76.297  358.659  18.950
97.921  23.186  -76.358  359.008  19.204
99.983  22.888  -76.232  359.939  18.778
101.252  22.312  -76.298  0.495  19.005
103.151  21.983  -76.269  1.121  18.871
104.968  21.669  -76.314  1.452  18.962
106.200  21.055  -76.289  2.496  18.828
107.937  20.722  -76.340  2.866  18.905
110.545  19.951  -76.394  3.954  18.908
114.731  19.449  -76.508  4.680  18.836
121.042  17.356  -76.811  7.371  19.052
124.287  16.525  -77.072  8.135  19.342
126.546  15.854  -77.183  9.095  19.329
132.031  14.831  -77.424  10.933  18.909
133.735  13.905  -77.777  11.266  19.597
135.443  13.167  -77.956  12.069  19.465
137.382  11.964  -78.370  12.677  19.660
140.223  10.025  -79.019  13.701  19.812
143.260  8.224  -79.928  13.695  20.196
144.821  7.406  -80.288  13.961  20.095
151.651  2.866  -82.171  15.594  20.829
153.288  1.694  -82.428  16.898  20.759
154.635  0.971  -82.655  17.601  20.670
155.973  0.383  -82.851  18.246  20.545
157.562  -0.227  -83.259  18.245  20.911
158.844  -0.604  -83.444  18.646  20.921
161.151  -1.144  -83.781  19.194  21.130
162.562  -1.654  -84.009  19.711  21.456
169.392  -2.354  -84.591  21.947  20.983
172.844  -2.880  -85.036  22.913  21.116
176.147  -3.454  -85.618  23.363  21.682
181.955  -3.897  -86.552  24.020  22.052
185.770  -4.893  -86.895  26.428  21.901
191.763  -5.089  -88.001  26.662  22.290
193.611  -5.795  -88.255  27.904  22.516
195.891  -6.149  -88.951  27.513  23.380
198.310  -6.363  -89.194  28.601  23.082
199.795  -6.457  -89.331  29.291  22.841
203.369  -6.639  -89.495  31.544  21.841
203.638  -7.001  -90.031  30.331  23.142
204.880  -7.040  -90.281  30.443  23.197
211.763  -7.351  -91.391  32.278  22.886
218.118  -8.316  -92.839  33.640  23.849
220.691  -8.599  -93.482  33.986  24.229
224.414  -8.818  -94.009  35.563  23.871
229.221  -8.964  -95.201  35.975  24.198
236.003  -9.717  -96.998  37.064  25.234
238.094  -9.958  -97.533  37.554  25.499
241.885  -10.099  -98.527  38.040  25.760
246.156  -10.199  -99.698  38.524  26.021
247.621  -10.291  -100.025  38.978  26.048
250.002  -10.255  -100.080  40.975  25.361
251.323  -10.187  -100.608  40.567  26.222
252.440  -9.479  -100.540  41.043  25.848
253.416  -8.380  -100.383  41.246  25.551
253.512  -7.210  -100.103  40.923  25.134
255.111  -6.883  -100.141  41.968  25.851
256.644  -6.494  -100.060  43.280  26.420
255.463  -4.661  -99.395  42.156  25.713
256.214  -4.049  -99.055  43.247  25.829
255.223  -2.625  -98.448  42.594  25.574
253.429  0.661  -96.660  42.790  25.162
252.775  3.703  -94.791  44.719  24.938
250.640  5.748  -93.881  43.326  24.596
248.974  7.905  -92.816  42.776  24.337
248.254  8.943  -92.277  42.707  24.119
245.437  12.013  -90.902  41.150  23.809
243.408  14.932  -89.436  40.895  23.585
242.327  18.431  -87.289  43.280  23.086
240.904  20.502  -86.235  43.300  22.871
239.627  22.016  -85.528  42.871  22.719
239.150  22.717  -85.166  42.916  22.592
238.708  23.688  -84.606  43.404  22.408
237.511  25.514  -83.662  43.619  22.214
235.393  27.339  -82.973  42.071  21.980
234.314  28.720  -82.309  41.933  21.807
233.987  29.760  -81.664  42.833  21.677
232.774  31.152  -81.035  42.470  21.580
